µo«H¤H: SnowWolf.bbs@xeon.tfcis.org (ÀR©]) ¬ÝªO: plan
¼Ð  ÃD: [¤å¥ó] ¤j´I¯Î
µo«H¯¸: °Ê¤O®Ö¤ß (Fri, 08 Aug 2003 22:24:43 +0800 (CST))  Updated: 2003/08/08

: ~/etc/game/fee ªÅ¥Õ¬O TAB

0       0       0       0       0       0       0       0       0
20      100     300     900     1600    2500    500     500     300
0       0       0       0       0       0       0       0       0
20      100     300     900     1600    2500    500     500     300
0       0       0       0       0       0       0       0       0
1       250     500     1000    2000    0       -1      -1      1000
220     1100    3300    8000    9750    11550   1500    1500    1300
0       0       0       0       0       0       0       0       0
220     1200    3600    8500    10500   12000   1500    1500    1400
220     1100    3300    8000    9750    11550   1500    1500    1300
0       0       0       0       0       0       0       0       0
180     900     2500    7000    8750    10500   1500    1500    1100
2       10      100     0       0       0       -1      -1      750
180     900     2500    7000    8750    10500   1500    1500    1100
200     1000    3000    7500    9250    11000   1500    1500    1200
1       250     500     1000    2000    0       -1      -1      1000
140     700     2000    5500    7500    9500    1000    1000    900
0       0       0       0       0       0       0       0       0
140     700     2000    5500    7500    9500    1000    1000    900
160     800     2200    6000    8000    10000   1000    1000    1000
0       0       0       0       0       0       0       0       0
60      300     900     2700    4000    5500    500     500     500
0       0       0       0       0       0       0       0       0
60      300     900     2700    4000    5500    500     500     500
80      400     1000    3000    4500    6000    500     500     600
1       250     500     1000    2000    0       -1      -1      1000
100     500     1500    4500    6250    7500    1000    1000    700
100     500     1500    4500    6250    7500    1000    1000    700
2       10      100     0       0       0       -1      -1      750
120     600     1800    5000    7000    9000    1000    1000    800
0       0       0       0       0       0       0       0       0
260     1300    3900    9000    11000   12750   2000    2000    1500
260     1300    3900    9000    11000   12750   2000    2000    1500
0       0       0       0       0       0       0       0       0
280     1500    4500    10000   12000   14000   2000    2000    1600
1       250     500     1000    2000    0       -1      -1      1000
0       0       0       0       0       0       0       0       0
350     1750    5000    11000   13000   15000   2000    2000    1750
0       0       0       0       0       0       0       0       0
500     2000    6000    14000   17000   20000   2000    2000    2000

--
[1;36m=[37m[[36m¡É[37m:[33m¡[37mÝ¢¨[m¢©¡[1;33mÝ[37m:[36m¡É [31mOrigin[37m ]|[[m     [31m°[1mÊ¤[;31;40mO®[1mÖ¤[;31;40mß [1mprocessor.tfcis.org    [37m]|[¡[33mÝ£»¡[mÝ[1;36m¡É[37m:][36m=[m
[1;36m=[m[[1;36m¡Ç[37m:[33m¡[30mÝ¢ª[m¢¬¡[1;33mÝ[37m:[36m¡Ç [31mAuthor[m ]|[ [1m    218-172-173-190.hinet-ip.hinet  [m]|[¡[1;33mÝ[30m¡[37m´¡[30mÝ[36m¡Ç[37m:[m][1;36m=[m
