124

#001出人頭地
0 0 1 1 1 0 0
0 0 1 2 1 0 0
1 1 2 2 2 1 1
1 1 1 2 1 1 1
1 1 1 2 1 1 1
0 0 1 1 1 0 0
0 0 1 1 1 0 0

#002三長兩短
0 0 1 1 1 0 0
0 0 2 2 1 0 0
1 1 1 1 2 1 1
1 1 1 2 1 1 1
1 1 1 1 2 1 1
0 0 2 2 1 0 0
0 0 1 1 1 0 0

#003蜻蜓點水
0 0 1 1 1 0 0
0 0 1 2 1 0 0
1 1 1 2 1 1 1
1 1 2 1 2 1 1
1 1 2 1 2 1 1
0 0 1 2 1 0 0
0 0 1 1 1 0 0

#004堅如磐石
0 0 1 1 1 0 0
0 0 1 1 1 0 0
1 1 1 1 1 1 1
1 1 1 2 1 1 1
1 1 2 2 2 1 1
0 0 2 2 2 0 0
0 0 1 1 1 0 0

#005藕斷絲連
0 0 1 1 1 0 0
0 0 1 1 1 0 0
1 1 1 1 1 2 1
1 1 1 1 2 2 1
1 1 1 1 2 1 1
0 0 1 2 1 0 0
0 0 2 2 1 0 0

#006付諸東流
0 0 1 1 1 0 0
0 0 1 1 1 0 0
1 1 1 1 2 2 1
1 1 1 2 1 2 2
1 1 1 2 1 2 1
0 0 2 1 1 0 0
0 0 1 1 1 0 0

#007旗開得勝
0 0 1 1 1 0 0
0 0 1 1 1 0 0
1 1 1 2 2 2 1
1 1 1 2 2 2 1
1 1 1 2 1 1 1
0 0 1 2 1 0 0
0 0 1 1 1 0 0

#008目不識丁
0 0 1 1 1 0 0
0 0 1 1 1 0 0
1 1 1 1 1 1 1
1 2 2 2 2 2 1
1 1 1 2 1 1 1
0 0 1 2 1 0 0
0 0 1 2 1 0 0

#009勝利在望
0 0 1 1 1 0 0
0 0 1 1 1 0 0
1 1 1 1 1 1 1
1 1 1 1 1 1 1
1 2 2 1 2 2 1
0 0 2 2 2 0 0
0 0 1 2 1 0 0

#010三五成群
0 0 1 1 1 0 0
0 0 1 1 1 0 0
1 1 2 2 2 1 1
1 2 2 2 2 2 1
1 1 1 1 1 1 1
0 0 1 1 1 0 0
0 0 1 1 1 0 0

#011四面楚歌
0 0 1 2 1 0 0
0 0 1 2 1 0 0
1 1 1 1 1 1 1
1 2 2 1 2 2 1
1 1 1 1 1 1 1
0 0 1 2 1 0 0
0 0 1 2 1 0 0

#012井底之蛙
0 0 1 1 1 0 0
0 0 1 1 1 0 0
1 1 2 1 2 1 1
1 1 2 1 2 1 1
1 1 2 2 2 1 1
0 0 1 2 1 0 0
0 0 1 1 1 0 0

#013十面埋伏
0 0 1 1 1 0 0
0 0 1 2 1 0 0
1 1 1 2 1 1 1
1 2 2 2 2 2 1
1 1 1 2 1 1 1
0 0 1 2 1 0 0
0 0 1 1 1 0 0

#014千杯不醉
0 0 1 1 1 0 0
0 0 1 1 1 0 0
1 1 2 1 2 1 1
1 1 2 2 2 1 1
1 1 1 2 1 1 1
0 0 2 2 2 0 0
0 0 1 1 1 0 0

#015有鳳來儀
0 0 1 1 1 0 0
0 0 1 1 1 0 0
1 1 2 2 1 1 1
1 1 2 2 1 2 1
1 1 1 2 2 2 1
0 0 1 1 2 0 0
0 0 1 1 1 0 0

#016木牛流馬
0 0 1 1 1 0 0
0 0 2 2 2 0 0
1 1 1 1 2 2 1
1 1 1 2 1 1 2
1 1 1 1 2 2 1
0 0 1 1 1 0 0
0 0 1 1 1 0 0

#017梁祝化蝶
0 0 1 1 1 0 0
0 0 2 1 2 0 0
1 1 2 1 2 1 1
1 1 1 2 1 1 1
1 1 2 1 2 1 1
0 0 2 1 2 0 0
0 0 1 1 1 0 0

#018天南地北
0 0 1 1 1 0 0
0 0 1 2 1 0 0
1 1 1 1 2 2 1
2 2 1 1 1 2 2
1 2 2 1 1 1 1
0 0 1 2 1 0 0
0 0 1 1 1 0 0

#019花開並蒂
0 0 1 1 1 0 0
0 0 1 1 1 0 0
1 2 1 2 1 2 1
1 2 2 1 2 2 1
1 1 2 1 2 1 1
0 0 1 2 1 0 0
0 0 1 1 1 0 0

#020煙霧裊裊
0 0 1 1 1 0 0
0 0 1 1 1 0 0
1 2 2 1 1 1 1
1 2 2 1 1 2 1
1 2 2 1 2 1 1
0 0 2 2 1 0 0
0 0 1 1 1 0 0

#021大公無私
0 0 1 1 1 0 0
0 0 1 1 1 0 0
1 1 2 2 2 1 1
2 2 1 2 1 2 2
1 1 1 2 1 1 1
0 0 1 2 1 0 0
0 0 1 1 1 0 0

#022法輪迴轉
0 0 1 2 1 0 0
0 0 2 2 2 0 0
1 1 2 2 2 1 1
1 1 1 2 1 1 1
1 1 1 2 1 1 1
0 0 1 2 1 0 0
0 0 1 1 1 0 0

#023天蠍出世
0 0 1 1 1 0 0
0 0 1 1 1 0 0
1 1 2 1 2 1 1
1 2 1 2 1 2 1
1 1 2 2 2 1 1
0 0 1 2 1 0 0
0 0 1 2 1 0 0

#024鑼鼓齊鳴
0 0 1 1 1 0 0
0 0 1 2 1 0 0
1 2 2 1 2 2 1
1 1 1 1 1 1 1
1 2 2 1 2 2 1
0 0 1 2 1 0 0
0 0 1 1 1 0 0

#025畫蛇添足
0 0 1 2 2 0 0
0 0 2 2 1 0 0
1 1 2 2 1 1 1
1 1 1 2 2 1 1
1 1 2 1 1 1 1
0 0 1 2 2 0 0
0 0 1 1 1 0 0

#026日薄西山
0 0 1 1 1 0 0
0 0 1 2 1 0 0
1 1 1 1 1 1 1
1 2 2 2 2 2 1
1 2 2 2 2 2 1
0 0 1 1 1 0 0
0 0 1 1 1 0 0

#027前踞後恭
0 0 1 1 1 0 0
0 0 1 1 2 0 0
1 1 1 2 2 2 1
1 1 1 2 2 1 1
1 1 2 2 2 1 1
0 0 2 2 1 0 0
0 0 1 1 1 0 0

#028三頭六臂
0 0 1 1 1 0 0
0 0 1 2 2 0 0
1 1 1 2 2 1 1
1 2 2 2 2 1 1
1 2 2 2 1 1 1
0 0 1 1 1 0 0
0 0 1 1 1 0 0

#029仙人盛露
0 0 1 2 1 0 0
0 0 1 2 1 0 0
1 1 1 1 1 1 1
1 2 2 1 2 2 1
1 1 2 2 2 1 1
0 0 1 2 1 0 0
0 0 1 2 1 0 0

#030劍拔弩張
0 0 1 1 1 0 0
0 0 1 2 1 0 0
1 1 1 2 1 1 1
2 2 1 2 1 2 2
1 2 2 1 2 2 1
0 0 1 1 1 0 0
0 0 1 1 1 0 0

#031天外來客
0 0 1 1 1 0 0
0 0 1 1 1 0 0
1 1 2 2 2 1 1
1 2 2 2 2 2 1
1 1 2 2 2 1 1
0 0 1 1 1 0 0
0 0 1 1 1 0 0

#032遮風擋雨
0 0 1 1 1 0 0
0 0 1 1 1 0 0
1 1 1 2 1 1 1
1 2 2 1 2 2 1
2 2 1 2 1 2 2
0 0 1 2 1 0 0
0 0 1 2 1 0 0

#033拳擊高手
0 0 1 2 1 0 0
0 0 2 2 2 0 0
1 1 2 2 2 1 1
1 2 1 1 1 2 1
1 1 2 1 2 1 1
0 0 2 1 2 0 0
0 0 1 1 1 0 0

#034樹倒猴散
0 0 1 1 2 0 0
0 0 1 2 2 0 0
1 1 2 2 1 1 1
1 2 1 2 2 1 1
2 2 1 2 1 2 1
0 0 1 1 1 0 0
0 0 1 1 1 0 0

#035狼子野心
0 0 1 1 1 0 0
0 0 2 1 2 0 0
1 1 2 2 2 1 1
1 2 1 2 1 2 1
1 1 2 2 2 1 1
0 0 1 2 1 0 0
0 0 1 1 1 0 0

#036聚沙成塔
0 0 1 1 1 0 0
0 0 1 1 1 0 0
1 1 1 1 1 1 1
1 2 1 2 2 1 1
1 1 2 2 2 1 1
0 0 2 2 2 0 0
0 0 2 2 2 0 0

#037俯首貼耳
0 0 1 1 1 0 0
0 0 1 1 1 0 0
1 1 1 1 1 1 1
1 2 2 2 2 2 2
1 1 1 2 2 1 1
0 0 1 2 2 0 0
0 0 2 2 1 0 0

#038胸有成竹
0 0 1 2 1 0 0
0 0 1 2 1 0 0
1 1 2 2 2 1 1
1 2 1 1 1 2 1
1 1 2 2 2 1 1
0 0 2 1 2 0 0
0 0 1 1 1 0 0

#039纖毫畢現
0 0 1 1 2 0 0
0 0 1 2 1 0 0
1 1 2 2 1 1 1
2 2 2 2 1 1 1
1 1 2 2 2 2 1
0 0 1 1 1 0 0
0 0 1 1 1 0 0

#040萬馬奔騰
0 0 1 1 1 0 0
0 0 1 2 1 0 0
1 1 1 2 1 1 1
2 2 1 2 1 2 2
2 2 1 1 1 2 2
0 0 1 2 1 0 0
0 0 1 2 1 0 0

#041定海神針
0 0 1 2 1 0 0
0 0 1 2 1 0 0
1 1 2 2 2 1 1
1 2 1 2 1 2 1
1 1 2 1 2 1 1
0 0 2 2 2 0 0
0 0 1 1 1 0 0

#042袖手旁觀
0 0 1 1 1 0 0
0 0 1 2 2 0 0
1 1 1 2 2 1 1
1 2 1 2 2 2 1
1 2 1 1 2 2 1
0 0 2 1 1 0 0
0 0 2 1 1 0 0

#043輕重倒置
0 0 1 1 1 0 0
0 0 2 1 1 0 0
1 1 2 2 2 1 1
1 1 1 2 2 2 2
1 1 1 1 2 2 1
0 0 1 1 2 0 0
0 0 2 2 1 0 0

#044噴薄欲出
0 0 1 1 1 0 0
0 0 2 1 1 0 0
1 1 2 2 1 1 1
1 2 1 2 2 2 1
1 1 1 2 2 1 1
0 0 2 2 1 0 0
0 0 1 2 2 0 0

#045脫穎而出
0 0 1 1 1 0 0
0 0 1 2 1 0 0
1 1 2 2 2 1 1
1 2 1 2 1 2 1
1 2 2 1 2 2 1
0 0 2 1 2 0 0
0 0 1 1 1 0 0

#046束之高閣
0 0 1 2 1 0 0
0 0 1 2 1 0 0
1 2 2 1 2 2 1
2 2 1 2 1 2 2
1 1 1 1 1 1 1
0 0 1 2 1 0 0
0 0 1 2 1 0 0

#047囫圇吞棗
0 0 1 1 1 0 0
0 0 2 2 2 0 0
1 1 2 2 2 1 1
1 2 2 1 2 2 1
1 1 2 1 2 1 1
0 0 1 2 1 0 0
0 0 1 1 1 0 0

#048銳不可當
0 0 1 2 1 0 0
0 0 1 2 1 0 0
1 1 2 2 2 1 1
1 2 1 2 1 2 1
1 1 2 2 2 1 1
0 0 1 2 1 0 0
0 0 1 2 1 0 0

#049老氣橫秋
0 0 1 1 1 0 0
0 0 1 2 1 0 0
1 1 1 2 1 1 1
1 1 2 2 2 1 1
2 2 1 1 1 2 2
0 0 2 1 2 0 0
0 0 2 1 2 0 0

#050羽翼未豐
0 0 1 1 1 0 0
0 0 1 1 2 0 0
1 1 1 1 2 1 1
2 2 2 2 2 1 1
2 2 2 2 1 1 1
0 0 1 2 1 0 0
0 0 1 2 1 0 0

#051怒髮衝冠
0 0 1 1 1 0 0
0 0 1 1 1 0 0
1 2 1 1 1 2 1
1 2 2 2 2 2 1
1 1 2 2 2 1 1
0 0 1 2 1 0 0
0 0 2 2 2 0 0

#052赤膽忠心
0 0 1 1 1 0 0
0 0 1 2 1 0 0
1 2 2 2 2 2 1
1 2 1 1 1 2 1
1 2 2 2 2 2 1
0 0 1 2 1 0 0
0 0 1 1 1 0 0

#053覆車之鑒
0 0 1 1 1 0 0
0 0 2 2 2 0 0
1 1 2 2 2 1 1
1 1 2 2 2 1 1
1 1 2 2 2 1 1
0 0 1 1 1 0 0
0 0 2 1 2 0 0

#054空中樓閣
0 0 1 1 1 0 0
0 0 2 2 2 0 0
1 1 2 2 2 1 1
1 1 2 1 2 1 1
1 1 2 2 2 1 1
0 0 2 2 2 0 0
0 0 1 1 1 0 0

#055象牙之塔
0 0 1 1 1 0 0
0 0 1 2 1 0 0
1 2 2 1 2 2 1
1 1 2 2 2 1 1
1 1 2 1 2 1 1
0 0 2 2 2 0 0
0 0 1 2 1 0 0

#056橫行無忌
0 0 1 1 1 0 0
0 0 2 1 2 0 0
1 2 2 2 2 2 1
2 1 2 2 2 1 2
2 1 1 1 1 1 2
0 0 1 1 1 0 0
0 0 1 1 1 0 0

#057膀闊腰圓
0 0 1 2 1 0 0
0 0 1 2 1 0 0
1 1 1 1 1 1 1
1 2 2 2 2 2 1
1 2 1 1 1 2 1
0 0 2 2 2 0 0
0 0 2 1 2 0 0

#058空中飛蝶
0 0 1 2 1 0 0
0 0 1 2 1 0 0
1 2 2 2 2 2 1
2 2 2 2 2 2 2
1 1 1 1 1 1 1
0 0 1 1 1 0 0
0 0 1 1 1 0 0

#059騎虎難下
0 0 1 1 1 0 0
0 0 1 2 1 0 0
1 1 2 2 2 1 1
2 2 1 2 1 2 2
1 2 2 1 2 2 1
0 0 2 1 2 0 0
0 0 1 1 1 0 0

#060舉世無敵
0 0 1 1 1 0 0
0 0 1 1 1 0 0
1 2 1 2 1 2 2
1 2 2 2 2 2 1
1 1 1 2 1 1 1
0 0 2 2 2 0 0
0 0 2 1 2 0 0

#061手舞足蹈
0 0 1 1 1 0 0
0 0 1 2 1 0 0
2 1 1 2 1 1 2
2 1 2 2 2 1 2
1 2 1 2 1 2 1
0 0 2 2 2 0 0
0 0 1 1 1 0 0

#062頂天立地
0 0 1 2 1 0 0
0 0 2 2 2 0 0
1 1 2 1 2 1 1
1 1 2 2 2 1 1
1 1 2 1 2 1 1
0 0 2 2 2 0 0
0 0 1 2 1 0 0

#063左顧右盼
0 0 1 1 1 0 0
0 0 1 2 1 0 0
1 2 1 2 1 2 1
2 2 1 2 1 2 2
2 2 1 2 1 2 2
0 0 1 2 1 0 0
0 0 1 1 1 0 0

#064金雞報曉
0 0 1 1 1 0 0
0 0 1 1 1 0 0
2 1 1 1 2 2 1
1 2 2 2 2 2 1
1 2 2 2 2 1 1
0 0 2 2 1 0 0
0 0 1 1 2 0 0

#065千金重擔
0 0 1 1 1 0 0
0 0 1 1 1 0 0
1 2 2 1 2 2 1
2 2 2 2 2 2 2
1 2 2 1 2 2 1
0 0 1 1 1 0 0
0 0 1 1 1 0 0

#066驚弓之鳥
0 0 2 2 1 0 0
0 0 1 2 2 0 0
1 2 2 1 1 1 1
1 2 1 1 2 2 1
1 1 2 2 2 2 1
0 0 2 1 2 0 0
0 0 1 1 1 0 0

#067傲視群雄
0 0 1 2 1 0 0
0 0 2 1 1 0 0
1 1 2 2 2 1 1
1 2 2 2 2 2 1
1 2 2 2 2 1 1
0 0 1 2 1 0 0
0 0 1 1 1 0 0

#068聞雞起舞
0 0 1 2 2 0 0
0 0 1 2 1 0 0
2 2 1 2 1 1 1
1 1 2 2 2 1 1
1 1 1 2 1 2 2
0 0 2 2 2 0 0
0 0 1 1 1 0 0

#069腳踏實地
0 0 2 1 2 0 0
0 0 2 2 2 0 0
1 1 1 2 1 1 1
1 2 1 2 1 2 1
1 1 1 2 1 1 1
0 0 2 2 2 0 0
0 0 2 1 2 0 0

#070八面玲瓏
0 0 1 2 1 0 0
0 0 1 2 1 0 0
1 2 2 1 2 2 1
1 1 2 2 2 1 1
1 2 2 1 2 2 1
0 0 1 2 1 0 0
0 0 1 2 1 0 0

#071一手遮天
0 0 1 2 1 0 0
0 0 1 2 1 0 0
1 2 2 2 2 2 1
1 2 2 2 2 2 1
1 1 2 2 2 1 1
0 0 1 1 1 0 0
0 0 1 1 1 0 0

#072三位一體
0 0 1 1 1 0 0
0 0 1 1 1 0 0
1 1 1 1 2 2 2
2 2 2 2 2 2 2
1 1 1 2 2 1 1
0 0 1 2 2 0 0
0 0 1 2 2 0 0

#073縮手縮腳
0 0 1 2 1 0 0
0 0 1 2 1 0 0
1 1 2 2 1 2 2
1 2 2 2 2 2 2
1 1 2 2 1 1 1
0 0 2 1 1 0 0
0 0 2 1 1 0 0

#074力爭上游
0 0 1 1 1 0 0
0 0 1 2 2 0 0
1 1 2 1 1 2 2
1 2 2 1 2 2 1
1 2 1 1 1 2 2
0 0 2 2 1 0 0
0 0 2 2 1 0 0

#075耶穌蒙難
0 0 1 1 1 0 0
0 0 1 2 1 0 0
2 2 2 2 2 2 2
2 1 2 2 2 1 2
1 1 1 2 1 1 1
0 0 1 2 1 0 0
0 0 1 2 1 0 0

#076毒如蛇蠍
0 0 1 1 1 0 0
0 0 2 1 2 0 0
1 2 1 2 2 1 2
1 2 2 2 2 2 1
1 1 2 2 1 1 1
0 0 2 1 1 0 0
0 0 1 2 2 0 0

#077光芒四射
0 0 2 1 1 0 0
0 0 2 2 1 0 0
1 1 1 2 1 2 2
1 2 2 1 2 2 1
2 2 1 2 1 1 1
0 0 1 2 2 0 0
0 0 1 1 2 0 0

#078空洞無物
0 0 1 1 1 0 0
0 0 2 2 2 0 0
1 2 2 1 2 2 1
1 2 1 1 1 2 1
1 2 2 1 2 2 1
0 0 2 2 2 0 0
0 0 1 1 1 0 0

#079青面獠牙
0 0 1 2 1 0 0
0 0 1 2 1 0 0
1 2 2 1 2 2 1
1 2 1 2 1 2 1
1 2 2 2 2 2 1
0 0 2 2 2 0 0
0 0 1 1 1 0 0

#080鋪天蓋地
0 0 1 1 1 0 0
0 0 2 2 2 0 0
1 2 2 2 2 2 1
1 2 2 2 2 2 1
1 1 2 2 2 1 1
0 0 1 2 1 0 0
0 0 1 1 1 0 0

#081一板三眼
0 0 1 1 1 0 0
0 0 2 2 2 0 0
1 2 2 2 2 2 1
2 2 1 1 1 2 2
2 2 1 2 1 2 2
0 0 1 2 1 0 0
0 0 1 1 1 0 0

#082異軍突起
0 0 2 1 1 0 0
0 0 2 2 1 0 0
1 1 1 2 2 1 1
2 2 2 2 2 1 1
2 2 2 1 2 1 1
0 0 1 2 2 0 0
0 0 1 2 1 0 0

#083一步登天
0 0 1 2 1 0 0
0 0 2 2 2 0 0
1 1 2 1 2 1 1
1 1 2 2 2 1 1
1 2 2 1 2 2 1
0 0 1 2 1 0 0
0 0 2 2 2 0 0

#084一箭雙鵰
0 0 1 1 1 0 0
0 0 1 1 1 0 0
2 2 1 2 1 2 2
2 2 2 2 2 2 2
2 2 1 2 1 2 2
0 0 1 1 1 0 0
0 0 1 1 1 0 0

#085螳臂擋車
0 0 2 2 2 0 0
0 0 2 2 2 0 0
1 1 2 2 2 1 1
1 2 2 2 2 2 1
1 1 1 2 1 1 1
0 0 1 2 1 0 0
0 0 1 2 1 0 0

#086箭在弦上
0 0 1 2 1 0 0
0 0 1 2 1 0 0
1 1 2 1 2 1 1
1 2 2 2 2 2 1
1 2 1 2 1 2 1
0 0 2 2 2 0 0
0 0 2 2 2 0 0

#087鶴立雞群
0 0 1 1 1 0 0
0 0 1 2 1 0 0
1 1 2 2 2 1 1
2 2 2 2 2 2 2
2 2 1 2 1 2 2
0 0 1 2 1 0 0
0 0 1 2 1 0 0

#088藏頭露尾
0 0 1 1 1 0 0
0 0 2 2 1 0 0
1 2 2 2 1 1 1
1 2 1 2 2 2 2
1 2 2 2 2 2 2
0 0 2 2 1 0 0
0 0 1 1 1 0 0

#089探囊取物
0 0 1 1 1 0 0
0 0 2 1 2 0 0
2 2 2 2 2 2 2
2 2 2 2 2 2 2
1 1 1 2 1 1 1
0 0 1 2 1 0 0
0 0 1 1 1 0 0

#090成雙成對
0 0 1 1 1 0 0
0 0 1 2 1 0 0
2 2 2 2 2 2 2
1 1 2 1 2 1 1
2 2 2 2 2 2 2
0 0 1 2 1 0 0
0 0 1 1 1 0 0

#091脫胎換骨
0 0 2 1 2 0 0
0 0 2 2 2 0 0
1 2 1 1 1 2 1
2 2 2 1 2 2 2
2 2 1 2 1 2 2
0 0 1 2 1 0 0
0 0 1 1 1 0 0

#092鱗次櫛比
0 0 1 2 1 0 0
0 0 2 2 2 0 0
1 1 1 2 1 1 1
2 2 2 2 2 2 2
2 1 2 2 2 1 2
0 0 1 2 1 0 0
0 0 1 2 1 0 0

#093乘風破浪
0 0 1 2 1 0 0
0 0 2 2 2 0 0
1 1 2 2 2 1 1
2 2 1 2 1 2 2
1 2 2 1 2 2 1
0 0 2 2 2 0 0
0 0 1 1 1 0 0

#094氣貫長虹
0 0 2 2 2 0 0
0 0 2 2 2 0 0
1 2 2 1 2 2 1
1 2 2 2 2 2 1
1 2 2 1 2 2 1
0 0 1 1 1 0 0
0 0 1 1 1 0 0

#095順藤摸瓜
0 0 1 1 1 0 0
0 0 1 2 1 0 0
2 2 1 2 1 2 2
2 2 2 2 2 2 2
1 2 2 1 2 2 1
0 0 1 2 1 0 0
0 0 1 2 1 0 0

#096獨木難支
0 0 2 2 2 0 0
0 0 2 2 2 0 0
1 1 1 1 1 1 1
2 2 2 2 2 2 2
1 1 1 1 1 1 1
0 0 2 2 2 0 0
0 0 2 2 2 0 0

#097漫山遍野
0 0 2 1 2 0 0
0 0 2 2 2 0 0
1 2 1 1 1 2 1
2 2 1 2 1 2 2
1 2 1 1 1 2 1
0 0 2 2 2 0 0
0 0 2 1 2 0 0

#098粗茶淡飯
0 0 1 1 1 0 0
0 0 1 2 1 0 0
1 2 2 1 2 2 1
2 2 2 2 2 2 2
2 2 2 1 2 2 2
0 0 1 2 1 0 0
0 0 1 2 1 0 0

#099虛張聲勢
0 0 2 2 2 0 0
0 0 2 2 2 0 0
1 2 2 1 2 2 1
2 2 2 1 2 2 2
2 1 1 2 1 1 2
0 0 1 2 1 0 0
0 0 1 1 1 0 0

#100葵花寶典
0 0 1 1 1 0 0
0 0 2 2 2 0 0
1 2 2 2 2 2 1
1 2 2 1 2 2 1
1 2 2 2 2 2 1
0 0 2 2 2 0 0
0 0 1 1 1 0 0

#101不老蒼松
0 0 1 1 1 0 0
0 0 1 2 1 0 0
1 2 2 2 2 2 1
2 2 2 1 2 2 2
2 2 2 2 2 2 2
0 0 1 2 1 0 0
0 0 1 2 1 0 0

#102一柱擎天
0 0 1 1 1 0 0
0 0 2 2 2 0 0
2 2 1 2 1 2 2
2 2 2 2 2 2 2
2 2 1 1 1 2 2
0 0 1 2 1 0 0
0 0 1 2 1 0 0

#103鶴髮童顏
0 0 1 1 1 0 0
0 0 2 2 2 0 0
2 2 2 2 2 2 2
2 2 2 2 2 2 2
1 2 1 2 1 2 1
0 0 1 2 1 0 0
0 0 1 1 1 0 0

#104甕中捉鱉
0 0 2 2 2 0 0
0 0 2 2 2 0 0
1 1 1 2 1 1 1
1 2 2 2 2 2 1
1 2 2 2 2 2 1
0 0 2 2 2 0 0
0 0 1 2 1 0 0

#105逐鹿中原
0 0 1 2 1 0 0
0 0 2 2 2 0 0
2 2 2 2 2 2 2
2 2 2 1 2 2 2
1 1 2 2 2 1 1
0 0 1 2 1 0 0
0 0 1 1 1 0 0

#106山高水險
0 0 1 1 1 0 0
0 0 1 2 1 0 0
1 1 2 2 2 1 1
2 2 2 2 2 2 2
1 2 2 2 2 2 1
0 0 2 2 2 0 0
0 0 2 2 2 0 0

#107瞻前顧後
0 0 1 1 1 0 0
0 0 1 2 1 0 0
1 2 2 2 2 2 2
1 2 2 2 2 2 1
2 1 2 2 2 1 1
0 0 2 2 2 0 0
0 0 2 2 2 0 0

#108坐井觀天
0 0 1 2 1 0 0
0 0 2 2 2 0 0
1 2 1 1 1 2 1
2 2 2 2 2 2 2
2 2 1 2 1 2 2
0 0 2 1 2 0 0
0 0 2 1 2 0 0

#109張牙舞爪
0 0 2 1 2 0 0
0 0 2 1 2 0 0
1 1 1 2 1 1 1
2 2 2 2 2 2 2
2 2 1 2 1 2 2
0 0 2 2 2 0 0
0 0 2 2 2 0 0

#110水滴石穿
0 0 1 1 1 0 0
0 0 2 2 2 0 0
1 2 2 2 2 2 1
2 2 1 1 1 2 2
2 2 2 2 2 2 2
0 0 2 2 2 0 0
0 0 1 2 1 0 0

#111梅花三弄
0 0 2 2 1 0 0
0 0 1 2 2 0 0
2 1 2 2 2 2 1
2 2 2 2 2 2 1
1 2 1 2 2 2 1
0 0 1 2 2 0 0
0 0 2 2 1 0 0

#112來勢洶洶
0 0 1 1 1 0 0
0 0 2 2 2 0 0
2 2 2 2 2 2 2
2 2 2 2 2 2 2
1 2 2 1 2 2 1
0 0 1 2 1 0 0
0 0 1 1 1 0 0

#113賊眼溜溜
0 0 1 1 1 0 0
0 0 2 2 2 0 0
1 1 2 2 2 1 1
2 2 2 2 2 2 2
2 2 1 2 1 2 2
0 0 2 2 2 0 0
0 0 2 2 2 0 0

#114五湖四海
0 0 1 2 1 0 0
0 0 2 2 2 0 0
1 2 1 2 1 2 1
2 2 2 1 2 2 2
2 2 1 2 1 2 2
0 0 2 2 2 0 0
0 0 2 2 2 0 0

#115望穿秋水
0 0 2 2 1 0 0
0 0 1 2 2 0 0
1 2 2 2 2 2 2
1 2 2 2 2 2 2
1 1 2 2 2 2 1
0 0 2 2 2 0 0
0 0 2 1 1 0 0

#116森嚴壁壘
0 0 1 2 1 0 0
0 0 2 2 2 0 0
2 2 1 2 1 2 2
2 2 2 2 2 2 2
2 2 1 2 1 2 2
0 0 2 2 2 0 0
0 0 1 2 1 0 0

#117八仙過海
0 0 1 1 1 0 0
0 0 2 2 2 0 0
2 2 2 2 2 2 2
2 2 2 2 2 2 2
1 2 2 2 2 2 1
0 0 2 2 2 0 0
0 0 1 2 1 0 0

#118全真七子
0 0 1 2 1 0 0
0 0 2 2 2 0 0
1 2 2 2 2 2 1
2 2 2 2 2 2 2
1 2 2 2 2 2 1
0 0 2 2 2 0 0
0 0 1 2 1 0 0

#119急轉直下
0 0 1 1 1 0 0
0 0 2 2 2 0 0
1 2 2 2 2 2 2
2 2 2 2 2 2 2
2 2 2 2 2 2 1
0 0 2 2 2 0 0
0 0 1 1 1 0 0

#120太極八卦
0 0 2 2 1 0 0
0 0 1 2 2 0 0
1 2 2 2 2 2 2
1 2 2 2 2 2 2
1 1 2 2 2 2 1
0 0 2 2 2 0 0
0 0 2 1 1 0 0

#121中流砥柱
0 0 2 2 2 0 0
0 0 2 2 2 0 0
2 2 1 2 1 2 2
2 2 2 2 2 2 2
2 2 1 2 1 2 2
0 0 2 2 2 0 0
0 0 1 1 1 0 0

#122蟠桃盛會
0 0 1 2 1 0 0
0 0 2 2 2 0 0
1 2 2 2 2 2 1
2 2 2 2 2 2 2
2 2 2 2 2 2 2
0 0 2 2 2 0 0
0 0 2 2 2 0 0

#123混一宇內
0 0 2 2 2 0 0
0 0 2 2 2 0 0
2 2 2 2 2 2 2
2 2 2 1 2 2 2
2 2 2 2 2 2 2
0 0 2 2 2 0 0
0 0 2 2 2 0 0

#124正反二儀
0 0 0 0 0 0 0
0 0 0 1 2 1 0
0 0 0 2 0 2 0
0 1 2 2 2 1 0
0 2 0 2 0 0 0
0 1 2 1 0 0 0
0 0 0 0 0 0 0
